      1   O   -0.67852    1 0
      2   H    0.46162    2 0
      3   O   -0.70926    1 0
      4   H    0.44491    2 0
      5   O   -0.67851    1 0
      6   H    0.46162    2 0
      7   O   -0.70926    1 0
      8   H    0.44491    2 0
      9   O   -0.67851    1 0
     10   H    0.46162    2 0
     11   O   -0.70925    1 0
     12   H    0.44491    2 0
     13   O   -0.67852    1 0
     14   H    0.46162    2 0
     15   O   -0.70925    1 0
     16   H    0.44491    2 0
     17   O   -0.67852    1 0
     18   H    0.46162    2 0
     19   O   -0.70925    1 0
     20   H    0.44491    2 0
     21   O   -0.67852    1 0
     22   H    0.46162    2 0
     23   O   -0.70925    1 0
     24   H    0.44491    2 0
     25   O   -0.67852    1 0
     26   H    0.46162    2 0
     27   O   -0.70925    1 0
     28   H    0.44491    2 0
     29   O   -0.30264    3 0
     30   O   -0.30264    3 0
     31   O   -0.30264    3 0
     32   O   -0.30264    3 0
     33   O   -0.30264    3 0
     34   O   -0.30264    3 0
     35   O   -0.30264    3 0
     36   O   -0.34294    3 0
     37   O   -0.34294    3 0
     38   O   -0.34294    3 0
     39   O   -0.34294    3 0
     40   O   -0.34294    3 0
     41   O   -0.34294    3 0
     42   O   -0.34294    3 0
     43   O   -0.67227    1 0
     44   H    0.42700    2 0
     45   O   -0.67227    1 0
     46   H    0.42700    2 0
     47   O   -0.67227    1 0
     48   H    0.42700    2 0
     49   O   -0.67227    1 0
     50   H    0.42700    2 0
     51   O   -0.67227    1 0
     52   H    0.42700    2 0
     53   O   -0.67227    1 0
     54   H    0.42700    2 0
     55   O   -0.67227    1 0
     56   H    0.42700    2 0
     57   C    0.30718    4 0
     58   H    0.02162    5 0
     59   H    0.02162    5 0
     60   C   -0.05688    4 0
     61   H    0.09448    5 0
     62   C    0.12539    4 0
     63   H    0.10853    5 0
     64   C    0.10843    4 0
     65   H    0.07659    5 0
     66   C    0.33188    4 0
     67   H    0.06404    5 0
     68   C    0.00676    4 0
     69   H    0.16245    6 0
     70   C    0.30718    4 0
     71   H    0.02162    5 0
     72   H    0.02162    5 0
     73   C   -0.05688    4 0
     74   H    0.09448    5 0
     75   C    0.12539    4 0
     76   H    0.10853    5 0
     77   C    0.10843    4 0
     78   H    0.07659    5 0
     79   C    0.33188    4 0
     80   H    0.06404    5 0
     81   C    0.00676    4 0
     82   H    0.16245    6 0
     83   C    0.30718    4 0
     84   H    0.02162    5 0
     85   H    0.02162    5 0
     86   C   -0.05688    4 0
     87   H    0.09448    5 0
     88   C    0.12539    4 0
     89   H    0.10853    5 0
     90   C    0.10843    4 0
     91   H    0.07659    5 0
     92   C    0.33188    4 0
     93   H    0.06404    5 0
     94   C    0.00676    4 0
     95   H    0.16245    6 0
     96   C    0.30718    4 0
     97   H    0.02162    5 0
     98   H    0.02162    5 0
     99   C   -0.05688    4 0
    100   H    0.09448    5 0
    101   C    0.12539    4 0
    102   H    0.10853    5 0
    103   C    0.10843    4 0
    104   H    0.07659    5 0
    105   C    0.33188    4 0
    106   H    0.06404    5 0
    107   C    0.00676    4 0
    108   H    0.16245    6 0
    109   C    0.30718    4 0
    110   H    0.02162    5 0
    111   H    0.02162    5 0
    112   C   -0.05688    4 0
    113   H    0.09448    5 0
    114   C    0.12539    4 0
    115   H    0.10853    5 0
    116   C    0.10843    4 0
    117   H    0.07659    5 0
    118   C    0.33188    4 0
    119   H    0.06404    5 0
    120   C    0.00676    4 0
    121   H    0.16245    6 0
    122   C    0.30718    4 0
    123   H    0.02162    5 0
    124   H    0.02162    5 0
    125   C   -0.05688    4 0
    126   H    0.09448    5 0
    127   C    0.12539    4 0
    128   H    0.10853    5 0
    129   C    0.10843    4 0
    130   H    0.07659    5 0
    131   C    0.33188    4 0
    132   H    0.06404    5 0
    133   C    0.00676    4 0
    134   H    0.16245    6 0
    135   C    0.30718    4 0
    136   H    0.02162    5 0
    137   H    0.02162    5 0
    138   C   -0.05688    4 0
    139   H    0.09448    5 0
    140   C    0.12539    4 0
    141   H    0.10853    5 0
    142   C    0.10843    4 0
    143   H    0.07659    5 0
    144   C    0.33188    4 0
    145   H    0.06404    5 0
    146   C    0.00676    4 0
    147   H    0.16245    6 0
