    148   12.01000   ca   C1   -0.15315    7 0
    149   12.01000   ca   C2    0.40251    7 0
    150   12.01000   ca   C3   -0.27821    7 0
    151   12.01000   ca   C4   -0.09517    7 0
    152   12.01000   ca   C5   -0.17940    7 0
    153   12.01000   ca   C6   -0.13286    7 0
    154   12.01000    c   C7    0.77253    7 0
    155   12.01000    c   C8    0.86410    7 0
    156   12.01000   c3   C9   -0.51319    4 0
    157   16.00000   oh   O1   -0.63030    1 0
    158   16.00000    o   O2   -0.58397    8 0
    159   16.00000   os   O3   -0.47582    3 0
    160   16.00000    o   O4   -0.57436    8 0
    161    1.00800   ha   H1    0.17937    9 0
    162    1.00800   ha   H2    0.15761    9 0
    163    1.00800   ha   H3    0.15326    9 0
    164    1.00800   ha   H4    0.17565    9 0
    165    1.00800   hc   H5    0.15587   10 0
    166    1.00800   hc   H6    0.15587   10 0
    167    1.00800   hc   H7    0.15587   10 0
    168    1.00800   ho   H8    0.44379    2 0
