    1      0.10000000E+01
    1      0.10000000E+01
    1      0.10000000E+01
    1      0.10000000E+01
    1      0.10000000E+01
    1      0.10000000E+01
    1      0.10000000E+01
    1      0.10000000E+01
    1      0.10000000E+01
    1      0.10000000E+01
    1      0.10000000E+01
    1      0.10000000E+01
    1      0.10000000E+01
    1      0.10000000E+01
    1      0.10000000E+01
    1      0.10000000E+01
    1      0.10000000E+01
    1      0.10000000E+01
    1      0.10000000E+01
    1      0.10000000E+01
    1      0.10000000E+01
    1      0.10000000E+01
    1      0.10000000E+01
    1      0.10000000E+01
    1      0.10000000E+01
