    148   C   -0.15315    7 0
    149   C    0.40251    7 0
    150   C   -0.27821    7 0
    151   C   -0.09517    7 0
    152   C   -0.17940    7 0
    153   C   -0.13286    7 0
    154   C    0.77253    7 0
    155   C    0.86410    7 0
    156   C   -0.51319    4 0
    157   O   -0.63030    1 0
    158   O   -0.58397    8 0
    159   O   -0.47582    3 0
    160   O   -0.57436    8 0
    161   H    0.17937    9 0
    162   H    0.15761    9 0
    163   H    0.15326    9 0
    164   H    0.17565    9 0
    165   H    0.15587   10 0
    166   H    0.15587   10 0
    167   H    0.15587   10 0
    168   H    0.44379    2 0
