      1   16.00000   oh   O1   -0.67852    1 0
      2    1.00800   ho   H1    0.46162    2 0
      3   16.00000   oh   O2   -0.70926    1 0
      4    1.00800   ho   H2    0.44491    2 0
      5   16.00000   oh   O3   -0.67851    1 0
      6    1.00800   ho   H3    0.46162    2 0
      7   16.00000   oh   O4   -0.70926    1 0
      8    1.00800   ho   H4    0.44491    2 0
      9   16.00000   oh   O5   -0.67851    1 0
     10    1.00800   ho   H5    0.46162    2 0
     11   16.00000   oh   O6   -0.70925    1 0
     12    1.00800   ho   H6    0.44491    2 0
     13   16.00000   oh   O7   -0.67852    1 0
     14    1.00800   ho   H7    0.46162    2 0
     15   16.00000   oh   O8   -0.70925    1 0
     16    1.00800   ho   H8    0.44491    2 0
     17   16.00000   oh   O9   -0.67852    1 0
     18    1.00800   ho   H9    0.46162    2 0
     19   16.00000   oh  O10   -0.70925    1 0
     20    1.00800   ho  H10    0.44491    2 0
     21   16.00000   oh  O11   -0.67852    1 0
     22    1.00800   ho  H11    0.46162    2 0
     23   16.00000   oh  O12   -0.70925    1 0
     24    1.00800   ho  H12    0.44491    2 0
     25   16.00000   oh  O13   -0.67852    1 0
     26    1.00800   ho  H13    0.46162    2 0
     27   16.00000   oh  O14   -0.70925    1 0
     28    1.00800   ho  H14    0.44491    2 0
     29   16.00000   os  O15   -0.30264    3 0
     30   16.00000   os  O16   -0.30264    3 0
     31   16.00000   os  O17   -0.30264    3 0
     32   16.00000   os  O18   -0.30264    3 0
     33   16.00000   os  O19   -0.30264    3 0
     34   16.00000   os  O20   -0.30264    3 0
     35   16.00000   os  O21   -0.30264    3 0
     36   16.00000   os  O22   -0.34294    3 0
     37   16.00000   os  O23   -0.34294    3 0
     38   16.00000   os  O24   -0.34294    3 0
     39   16.00000   os  O25   -0.34294    3 0
     40   16.00000   os  O26   -0.34294    3 0
     41   16.00000   os  O27   -0.34294    3 0
     42   16.00000   os  O28   -0.34294    3 0
     43   16.00000   oh  O29   -0.67227    1 0
     44    1.00800   ho  H15    0.42700    2 0
     45   16.00000   oh  O30   -0.67227    1 0
     46    1.00800   ho  H16    0.42700    2 0
     47   16.00000   oh  O31   -0.67227    1 0
     48    1.00800   ho  H17    0.42700    2 0
     49   16.00000   oh  O32   -0.67227    1 0
     50    1.00800   ho  H18    0.42700    2 0
     51   16.00000   oh  O33   -0.67227    1 0
     52    1.00800   ho  H19    0.42700    2 0
     53   16.00000   oh  O34   -0.67227    1 0
     54    1.00800   ho  H20    0.42700    2 0
     55   16.00000   oh  O35   -0.67227    1 0
     56    1.00800   ho  H21    0.42700    2 0
     57   12.01000   c3   C1    0.30718    4 0
     58    1.00800   h1  H22    0.02162    5 0
     59    1.00800   h1  H23    0.02162    5 0
     60   12.01000   c3   C2   -0.05688    4 0
     61    1.00800   h1  H24    0.09448    5 0
     62   12.01000   c3   C3    0.12539    4 0
     63    1.00800   h1  H25    0.10853    5 0
     64   12.01000   c3   C4    0.10843    4 0
     65    1.00800   h1  H26    0.07659    5 0
     66   12.01000   c3   C5    0.33188    4 0
     67    1.00800   h1  H27    0.06404    5 0
     68   12.01000   c3   C6    0.00676    4 0
     69    1.00800   h2  H28    0.16245    6 0
     70   12.01000   c3   C7    0.30718    4 0
     71    1.00800   h1  H29    0.02162    5 0
     72    1.00800   h1  H30    0.02162    5 0
     73   12.01000   c3   C8   -0.05688    4 0
     74    1.00800   h1  H31    0.09448    5 0
     75   12.01000   c3   C9    0.12539    4 0
     76    1.00800   h1  H32    0.10853    5 0
     77   12.01000   c3  C10    0.10843    4 0
     78    1.00800   h1  H33    0.07659    5 0
     79   12.01000   c3  C11    0.33188    4 0
     80    1.00800   h1  H34    0.06404    5 0
     81   12.01000   c3  C12    0.00676    4 0
     82    1.00800   h2  H35    0.16245    6 0
     83   12.01000   c3  C13    0.30718    4 0
     84    1.00800   h1  H36    0.02162    5 0
     85    1.00800   h1  H37    0.02162    5 0
     86   12.01000   c3  C14   -0.05688    4 0
     87    1.00800   h1  H38    0.09448    5 0
     88   12.01000   c3  C15    0.12539    4 0
     89    1.00800   h1  H39    0.10853    5 0
     90   12.01000   c3  C16    0.10843    4 0
     91    1.00800   h1  H40    0.07659    5 0
     92   12.01000   c3  C17    0.33188    4 0
     93    1.00800   h1  H41    0.06404    5 0
     94   12.01000   c3  C18    0.00676    4 0
     95    1.00800   h2  H42    0.16245    6 0
     96   12.01000   c3  C19    0.30718    4 0
     97    1.00800   h1  H43    0.02162    5 0
     98    1.00800   h1  H44    0.02162    5 0
     99   12.01000   c3  C20   -0.05688    4 0
    100    1.00800   h1  H45    0.09448    5 0
    101   12.01000   c3  C21    0.12539    4 0
    102    1.00800   h1  H46    0.10853    5 0
    103   12.01000   c3  C22    0.10843    4 0
    104    1.00800   h1  H47    0.07659    5 0
    105   12.01000   c3  C23    0.33188    4 0
    106    1.00800   h1  H48    0.06404    5 0
    107   12.01000   c3  C24    0.00676    4 0
    108    1.00800   h2  H49    0.16245    6 0
    109   12.01000   c3  C25    0.30718    4 0
    110    1.00800   h1  H50    0.02162    5 0
    111    1.00800   h1  H51    0.02162    5 0
    112   12.01000   c3  C26   -0.05688    4 0
    113    1.00800   h1  H52    0.09448    5 0
    114   12.01000   c3  C27    0.12539    4 0
    115    1.00800   h1  H53    0.10853    5 0
    116   12.01000   c3  C28    0.10843    4 0
    117    1.00800   h1  H54    0.07659    5 0
    118   12.01000   c3  C29    0.33188    4 0
    119    1.00800   h1  H55    0.06404    5 0
    120   12.01000   c3  C30    0.00676    4 0
    121    1.00800   h2  H56    0.16245    6 0
    122   12.01000   c3  C31    0.30718    4 0
    123    1.00800   h1  H57    0.02162    5 0
    124    1.00800   h1  H58    0.02162    5 0
    125   12.01000   c3  C32   -0.05688    4 0
    126    1.00800   h1  H59    0.09448    5 0
    127   12.01000   c3  C33    0.12539    4 0
    128    1.00800   h1  H60    0.10853    5 0
    129   12.01000   c3  C34    0.10843    4 0
    130    1.00800   h1  H61    0.07659    5 0
    131   12.01000   c3  C35    0.33188    4 0
    132    1.00800   h1  H62    0.06404    5 0
    133   12.01000   c3  C36    0.00676    4 0
    134    1.00800   h2  H63    0.16245    6 0
    135   12.01000   c3  C37    0.30718    4 0
    136    1.00800   h1  H64    0.02162    5 0
    137    1.00800   h1  H65    0.02162    5 0
    138   12.01000   c3  C38   -0.05688    4 0
    139    1.00800   h1  H66    0.09448    5 0
    140   12.01000   c3  C39    0.12539    4 0
    141    1.00800   h1  H67    0.10853    5 0
    142   12.01000   c3  C40    0.10843    4 0
    143    1.00800   h1  H68    0.07659    5 0
    144   12.01000   c3  C41    0.33188    4 0
    145    1.00800   h1  H69    0.06404    5 0
    146   12.01000   c3  C42    0.00676    4 0
    147    1.00800   h2  H70    0.16245    6 0
